jkpr	1.6138     0.0040     0.8294     0.0000     0.0000
jzc1990805	1.6990     0.0032     0.8668     0.0000     0.0000
yuanhe16	1.7540     0.0034     0.8930     0.0000     0.0000
rdpeng	1.8112     0.0040     0.9398     0.0000     0.0000
lmyint	1.8790     0.0054     0.9766     0.0000     0.0000
dengdetian0603	   1.9028     0.0042     0.9846     0.0000     0.0000 
dzhuyx	1.917      0.004      0.980      0.000      0.000
duyu8411	1.9178     0.0038     0.9926     0.0000     0.0000 
lli48		1.9396     0.0044     1.0038     0.0000     0.0000
aaronjfisher	2.0252     0.0046     1.0472     0.0000     0.0000
