rdpeng		22.8690     0.5432    12.2530     0.0000     0.0000
yuanhu16	24.5028     0.7742    13.9640     0.0000     0.0000
jkpr		24.6072     0.7706    13.9944     0.0000     0.0000
jzc		24.9684     0.7996    14.3142     0.0000     0.0000
duyu8411	   25.0896     0.8324    14.4224     0.0000     0.0000
lmyint		   25.0914     0.7830    14.2706     0.0000     0.0000
dengdetian0603	   25.3488     0.8226    14.5160     0.0000     0.0000 
dzhuyx		   25.8972     1.0580    15.1256     0.0000     0.0000
lli48		   26.2004     0.9264    15.2976     0.0000     0.0000
jkpr		   83.9922     1.4008    43.8320     0.0000     0.0000
aaronjfisher	   225.522      2.592    172.558      0.000      0.000
